,controller config,fot safety,fot comfort,fot mean comfort,BC_nondet best_loss safety,BC_nondet best_loss comfort,BC_nondet best_loss mean comfort,BC_nondet best_loss euclidean,BC_nondet best_loss dtw,BC_nondet best_eucl safety,BC_nondet best_eucl comfort,BC_nondet best_eucl mean comfort,BC_nondet best_eucl euclidean,BC_nondet best_eucl dtw,BC_nondet best_dtw safety,BC_nondet best_dtw comfort,BC_nondet best_dtw mean comfort,BC_nondet best_dtw euclidean,BC_nondet best_dtw dtw
0,10.0,0.4367816150188446,0.6206896901130676,0.11864183098077774,0.449555903673172,0.8406045436859131,0.2417709082365036,1.567362666130066,-12.879183769226074,0.3380679488182068,0.8360106945037842,0.1953088790178299,1.938165307044983,-13.030258178710938,0.2966395616531372,0.5454751253128052,0.15668796002864838,1.3435789346694946,-13.376453399658203
1,10.0,0.3218390643596649,0.436781644821167,0.09565332531929016,0.2927115261554718,0.4699321985244751,0.14353422820568085,1.8307994604110718,-13.92310905456543,0.389135479927063,0.694580078125,0.20210625231266022,2.376793384552002,-13.510457992553711,0.3615010976791382,0.6310644149780273,0.1723340004682541,1.7888567447662354,-13.823323249816895
2,10.0,0.2988505959510803,0.41379308700561523,0.1070154532790184,0.34468474984169006,0.5375922918319702,0.12180638313293457,2.12961745262146,-13.414105415344238,0.4132291078567505,1.1145687103271484,0.24486370384693146,2.400096893310547,-13.137187004089355,0.2751331627368927,0.6402009725570679,0.18559576570987701,1.4897700548171997,-13.458002090454102
3,10.0,0.48275861144065857,0.6436781883239746,0.13291054964065552,0.3162768483161926,0.47430306673049927,0.12333476543426514,2.2245659828186035,-13.080597877502441,0.2963191568851471,0.4560038447380066,0.14691445231437683,1.484546422958374,-12.776978492736816,0.32342997193336487,0.7970404624938965,0.22044280171394348,2.457411527633667,-12.355748176574707
4,10.0,0.27586206793785095,0.4137931168079376,0.09750298410654068,0.28646066784858704,0.5707156658172607,0.1795196235179901,1.5037847757339478,-14.000720024108887,0.414323091506958,0.8990384340286255,0.22868087887763977,1.741014838218689,-13.841872215270996,0.3734343349933624,0.8639174103736877,0.21416960656642914,1.33646821975708,-13.22038459777832
5,10.0,0.4597701132297516,0.3448275923728943,0.12868277728557587,0.4757184684276581,0.5999718904495239,0.16876159608364105,3.0515811443328857,-11.041977882385254,0.4060328006744385,1.0450692176818848,0.2396402508020401,2.590944766998291,-11.542737007141113,0.4367015063762665,0.6415048837661743,0.18970730900764465,2.6997289657592773,-10.213116645812988
6,10.0,0.36781609058380127,0.4597701132297516,0.10807240009307861,0.35948920249938965,0.6477673053741455,0.19733987748622894,2.130882978439331,-12.56668758392334,0.3139772415161133,0.6340197324752808,0.17569689452648163,1.4443203210830688,-12.858906745910645,0.37163683772087097,0.6941506862640381,0.19227328896522522,2.557041883468628,-12.36865234375
7,10.0,0.29885056614875793,0.4597700834274292,0.11124323308467865,0.3396601974964142,0.6576228141784668,0.20106014609336853,1.4270628690719604,-13.383428573608398,0.3425164818763733,1.1158270835876465,0.27249258756637573,1.6916162967681885,-13.388364791870117,0.3364078998565674,0.8034219741821289,0.20088739693164825,1.796922206878662,-13.409972190856934
8,10.0,0.27586206793785095,0.3678160309791565,0.10410885512828827,0.35948389768600464,0.6146969795227051,0.1685391515493393,1.7183138132095337,-13.898984909057617,0.3710109293460846,0.8855414390563965,0.266006737947464,1.764708399772644,-13.6419095993042,0.37646567821502686,0.6222733855247498,0.20395226776599884,1.88179349899292,-13.468414306640625
9,10.0,0.48275861144065857,0.36781615018844604,0.12683314085006714,0.3257456123828888,0.6166073083877563,0.13435786962509155,1.5539891719818115,-12.986490249633789,0.359825998544693,0.9842157363891602,0.23479890823364258,1.6692092418670654,-12.927380561828613,0.33886826038360596,0.6911768317222595,0.17228025197982788,1.7270724773406982,-12.639826774597168
10,20.0,0.7126436233520508,0.8965516686439514,0.1469150334596634,0.543310284614563,0.9223099946975708,0.29121851921081543,4.749932765960693,-8.395896911621094,0.6148594617843628,1.3880386352539062,0.27079901099205017,4.940581321716309,-7.729528427124023,0.5918527841567993,0.7391061782836914,0.18560051918029785,5.524368762969971,-6.975936412811279
11,20.0,0.6206896305084229,0.5977011919021606,0.1651473194360733,0.6094954013824463,0.7727822065353394,0.21538802981376648,4.819023609161377,-9.312421798706055,0.6622231006622314,1.014879822731018,0.29864048957824707,2.7101171016693115,-9.03065013885498,0.6042038798332214,0.7889108061790466,0.1816350519657135,3.2921271324157715,-9.391962051391602
12,20.0,0.7126436233520508,0.5287357568740845,0.15404942631721497,0.6477560997009277,1.17085862159729,0.23680593073368073,4.207111358642578,-8.79858684539795,0.604377031326294,1.3084995746612549,0.25451725721359253,3.9341893196105957,-8.498184204101562,0.5860456824302673,0.7266182899475098,0.24881963431835175,3.0167152881622314,-9.314324378967285
13,20.0,0.5747126340866089,0.436781644821167,0.12207689881324768,0.5677345991134644,0.925236701965332,0.22577537596225739,3.7740869522094727,-10.397805213928223,0.5969009399414062,1.0562992095947266,0.26956361532211304,2.074341058731079,-10.673161506652832,0.586073637008667,0.8592008948326111,0.2362077385187149,3.1944615840911865,-10.036102294921875
14,20.0,0.5977011919021606,0.390804648399353,0.1305324286222458,0.5917129516601562,0.7495409250259399,0.22234618663787842,3.6656250953674316,-8.20080852508545,0.5823034048080444,0.7984176874160767,0.23342537879943848,2.1688005924224854,-9.950724601745605,0.6694811582565308,1.0771797895431519,0.2549629509449005,4.9879889488220215,-8.854990005493164
15,20.0,0.919540286064148,0.5977012515068054,0.15299247205257416,0.7116107940673828,0.6224460601806641,0.20319993793964386,3.409524440765381,-8.78355884552002,0.6124422550201416,1.2939659357070923,0.31236952543258667,3.9365522861480713,-8.529190063476562,0.6570091247558594,0.7785762548446655,0.2208012342453003,4.552323818206787,-7.444434642791748
16,20.0,0.5977011919021606,0.4597700834274292,0.1321178525686264,0.614490807056427,0.6319848299026489,0.18020014464855194,2.2420918941497803,-9.880560874938965,0.5941329002380371,0.7694718241691589,0.23381555080413818,3.8264780044555664,-9.925724029541016,0.6017376184463501,1.0207738876342773,0.26962241530418396,3.0244557857513428,-9.762822151184082
17,20.0,0.6896551847457886,0.4597701132297516,0.1725459098815918,0.6690221428871155,0.8862103223800659,0.21638213098049164,5.804563522338867,-8.33685302734375,0.729782223701477,0.9285961985588074,0.23175890743732452,4.0461201667785645,-8.862186431884766,0.6129361391067505,1.573925256729126,0.34274834394454956,3.637220859527588,-8.855704307556152
18,20.0,0.7586207389831543,0.5747125744819641,0.1635618954896927,0.5680407881736755,0.7537418603897095,0.20273995399475098,4.758162498474121,-7.765870094299316,0.5908528566360474,1.085045576095581,0.28855013847351074,3.0042192935943604,-8.535372734069824,0.7145421504974365,0.788614809513092,0.19716086983680725,4.395081520080566,-8.817755699157715
19,20.0,0.5517240762710571,0.6896551847457886,0.14163033664226532,0.6277155876159668,0.6095006465911865,0.17240655422210693,4.538815498352051,-8.20479965209961,0.6176486611366272,1.1574361324310303,0.3954969346523285,2.26235294342041,-10.1885986328125,0.5733310580253601,0.7120367884635925,0.225784033536911,3.0445597171783447,-9.731083869934082
20,30.0,0.7126436233520508,0.6896551847457886,0.13845950365066528,0.8047239780426025,0.6723325848579407,0.21757273375988007,6.1638407707214355,-4.231377124786377,0.7774444818496704,1.4969298839569092,0.34246447682380676,5.487339973449707,-4.3343119621276855,0.912175178527832,0.8644726276397705,0.2340991199016571,4.419127464294434,-7.900247573852539
21,30.0,0.8045977354049683,0.5057471990585327,0.15061435103416443,0.8990962505340576,0.9499311447143555,0.22213232517242432,4.894689083099365,-7.889892101287842,0.8069547414779663,1.4215505123138428,0.3278267979621887,4.812656402587891,-8.072378158569336,0.7137778997421265,0.7569062113761902,0.21569618582725525,3.4623334407806396,-8.8540678024292
22,30.0,0.7586207389831543,0.6436781883239746,0.1474435180425644,0.728394627571106,0.8604403734207153,0.21283020079135895,4.277528762817383,-4.5847296714782715,0.9108991622924805,0.9119725227355957,0.2753404676914215,4.629022598266602,-6.624704837799072,0.7160396575927734,0.9714679718017578,0.24219104647636414,4.150302886962891,-8.128721237182617
23,30.0,0.9885057210922241,0.6206896901130676,0.18390806019306183,0.778450608253479,0.7867773175239563,0.17188873887062073,5.258168697357178,-6.928369522094727,0.7973132133483887,1.4472486972808838,0.34240278601646423,7.351204872131348,-7.8412885665893555,0.7123898267745972,0.8309204578399658,0.2239043414592743,5.438798904418945,-7.151955604553223
24,30.0,0.7356321811676025,0.8275861740112305,0.1572202444076538,0.8761667013168335,0.7466893196105957,0.19716858863830566,6.146729946136475,-5.964992046356201,0.7228736877441406,1.102135181427002,0.3460737466812134,6.212832927703857,-7.226110458374023,0.771947979927063,0.8470748662948608,0.22767549753189087,3.1704249382019043,-9.5821533203125
25,30.0,0.7356321811676025,0.5057470798492432,0.14427268505096436,0.8782565593719482,0.8514559864997864,0.23147165775299072,3.991889715194702,-7.607882022857666,0.8390288352966309,0.7660741806030273,0.25938963890075684,4.144159317016602,-6.4435930252075195,0.7757916450500488,1.0426678657531738,0.27351945638656616,5.160658836364746,-7.859381198883057
26,30.0,0.8045977354049683,0.5517240762710571,0.1408376395702362,0.8440226316452026,0.9889302253723145,0.2108605057001114,5.4151482582092285,-4.525891304016113,0.7983845472335815,1.454622745513916,0.35105791687965393,4.919267177581787,-7.193917751312256,0.7139463424682617,1.1978044509887695,0.23507127165794373,4.849335193634033,-6.6423845291137695
27,30.0,1.080459713935852,0.5057471990585327,0.15378516912460327,0.672001838684082,0.9906374216079712,0.21915887296199799,5.7674360275268555,-6.311653137207031,0.9877979755401611,1.501357913017273,0.4167068302631378,6.876510143280029,-5.919133186340332,0.7818070650100708,0.8713495135307312,0.2322302609682083,6.959227085113525,-6.6394124031066895
28,30.0,0.8735631704330444,0.8965517282485962,0.15008588135242462,0.9131127595901489,0.9814027547836304,0.23096810281276703,3.982459783554077,-5.794666290283203,0.7651017904281616,1.4310194253921509,0.4547710120677948,5.2077131271362305,-5.965247631072998,0.9126936197280884,1.124773621559143,0.22907698154449463,4.136570930480957,-8.521037101745605
29,30.0,0.8505747318267822,0.5287356972694397,0.13819526135921478,0.7833113670349121,1.0285918712615967,0.1959339827299118,5.40988826751709,-7.277667999267578,0.8949275016784668,1.1809273958206177,0.35769662261009216,5.637465000152588,-7.272150993347168,0.7736899852752686,1.3326926231384277,0.23600615561008453,5.674062728881836,-7.783710956573486
30,40.0,0.8045977354049683,1.126436710357666,0.17862333357334137,0.7614978551864624,1.2181730270385742,0.3134147822856903,5.081691741943359,-6.995766639709473,0.8547356128692627,1.3137307167053223,0.3384453058242798,8.558863639831543,-3.1891939640045166,1.0634565353393555,0.9851527214050293,0.2533988356590271,5.752326011657715,-5.356923580169678
31,40.0,0.919540286064148,0.7126436829566956,0.18258686363697052,0.8178879022598267,0.8035094738006592,0.2131519913673401,8.010973930358887,-4.5494585037231445,1.1046139001846313,1.5471770763397217,0.4856901466846466,8.895978927612305,-5.078143119812012,0.8209726810455322,0.8329107761383057,0.25157007575035095,7.735942840576172,-5.465851783752441
32,40.0,0.8045977354049683,1.0574712753295898,0.16250494122505188,0.8185529708862305,0.7457006573677063,0.22508282959461212,5.348806858062744,-5.7215576171875,0.893012523651123,1.8454253673553467,0.496704638004303,6.2661919593811035,-2.779405117034912,0.8649241924285889,1.2219700813293457,0.298488974571228,3.2756314277648926,-7.978103160858154
33,40.0,0.8045977354049683,0.5287356376647949,0.14215880632400513,0.9112986326217651,0.8814107179641724,0.2301594465970993,7.8010149002075195,-4.53584098815918,0.9363127946853638,1.765346884727478,0.4187941253185272,5.2400054931640625,-3.868682622909546,0.7780410051345825,1.5214769840240479,0.2771469056606293,6.485899925231934,-7.334070205688477
34,40.0,0.8275861740112305,0.7586206197738647,0.14612233638763428,0.8448696136474609,1.246070384979248,0.22951042652130127,5.873510837554932,-5.9183030128479,0.8740850687026978,2.2648558616638184,0.41502606868743896,6.52160120010376,-5.752057075500488,0.8174421787261963,1.4142775535583496,0.23982596397399902,7.008927345275879,-2.030418634414673
35,40.0,0.8045977354049683,0.5747125148773193,0.16329766809940338,0.901631236076355,1.2813851833343506,0.24598698318004608,8.396479606628418,-6.128857135772705,1.1702442169189453,1.4189523458480835,0.36284685134887695,4.477538585662842,-3.933335781097412,1.0652568340301514,1.2205959558486938,0.2247706651687622,5.668786525726318,-7.487623691558838
36,40.0,0.8735631704330444,0.9655172228813171,0.18417228758335114,0.9492483139038086,0.9361301064491272,0.21985100209712982,5.770242214202881,-8.419026374816895,0.8418676853179932,1.274423599243164,0.3633805513381958,8.329728126525879,-0.40297818183898926,0.9234787225723267,0.9049237966537476,0.23374786972999573,6.814094066619873,-7.198917388916016
37,40.0,1.034482717514038,0.7126436233520508,0.1738670915365219,1.0081000328063965,1.0702441930770874,0.25431588292121887,6.421326637268066,-3.4461522102355957,0.9421825408935547,1.8870069980621338,0.5062580108642578,5.199801445007324,-3.613992929458618,0.9012638330459595,1.6689456701278687,0.30169418454170227,8.205607414245605,-3.3075408935546875
38,40.0,0.9425287246704102,0.9885057210922241,0.16197648644447327,0.8304276466369629,1.0611684322357178,0.2151564657688141,9.884073257446289,1.2458277940750122,0.8362505435943604,1.4450371265411377,0.4179078936576843,6.184202671051025,-4.9508585929870605,0.9229402542114258,1.3938946723937988,0.336228609085083,8.971548080444336,0.4991152584552765
39,40.0,0.8965517282485962,1.0574712753295898,0.1968555599451065,0.967819333076477,0.918106198310852,0.24552039802074432,7.804494380950928,-0.9961516261100769,1.021389126777649,1.2283952236175537,0.3532772660255432,6.747969627380371,-2.970184564590454,0.8791316747665405,0.9371823668479919,0.2419222742319107,7.63490629196167,-1.8441267013549805
40,50.0,1.080459713935852,1.563218593597412,0.30175715684890747,0.8498525619506836,1.2330178022384644,0.25344064831733704,10.276568412780762,-2.1965692043304443,0.8925681114196777,1.5398467779159546,0.4741315245628357,8.679326057434082,-0.09933937340974808,1.1342731714248657,1.4714734554290771,0.33680427074432373,9.249441146850586,3.105814218521118
41,50.0,0.8505747318267822,1.4482758045196533,0.24388954043388367,0.9079355001449585,0.919779896736145,0.27256715297698975,8.040369987487793,-3.602409601211548,0.882082462310791,1.9837671518325806,0.4853740930557251,7.364745616912842,-4.3001933097839355,0.9231845140457153,1.6695942878723145,0.26434025168418884,6.44352388381958,-4.488914966583252
42,50.0,0.8275861740112305,0.8045976758003235,0.18496498465538025,0.8528445959091187,1.041509985923767,0.2573506236076355,7.280885696411133,-5.160254955291748,0.9901195764541626,1.5442090034484863,0.37687811255455017,3.622443199157715,-7.854815483093262,0.92275071144104,1.1391843557357788,0.29451197385787964,6.747836112976074,-3.913633346557617
43,50.0,0.9425287246704102,1.2413792610168457,0.25842249393463135,0.9417698383331299,1.0595394372940063,0.2649977207183838,2.900054454803467,-7.915889263153076,1.0310704708099365,2.503052234649658,0.5366774201393127,3.71783447265625,-6.2435302734375,0.9404983520507812,1.314258337020874,0.32973164319992065,5.619484901428223,-6.505123138427734
44,50.0,0.8275861740112305,0.9885058403015137,0.21667326986789703,0.9628697633743286,1.0921039581298828,0.3283744752407074,5.054487705230713,-6.3138861656188965,0.9791082143783569,2.517946720123291,0.5566021203994751,9.789491653442383,-0.056373920291662216,0.9935637712478638,1.4331698417663574,0.3142339885234833,3.7818429470062256,-5.713784694671631
45,50.0,0.919540286064148,1.0114941596984863,0.22565729916095734,0.8438161611557007,0.9086238741874695,0.23391306400299072,5.521993637084961,-7.73154354095459,1.0076802968978882,1.7007957696914673,0.37838029861450195,7.3517985343933105,-2.704930067062378,0.91941237449646,1.0290508270263672,0.27754294872283936,4.3426008224487305,-8.125117301940918
46,50.0,0.8275861740112305,1.0574712753295898,0.23358434438705444,0.9382245540618896,1.3504858016967773,0.2652454972267151,2.9002223014831543,-8.27286148071289,0.8876922130584717,1.65585196018219,0.4246350824832916,5.890078544616699,-6.12782621383667,0.9868791103363037,0.889738917350769,0.2175905704498291,4.487298965454102,-7.73709774017334
47,50.0,0.8045977354049683,1.2873563766479492,0.20980313420295715,0.846041202545166,0.8805487155914307,0.22705259919166565,3.9748971462249756,-7.416509628295898,1.064466953277588,1.477691650390625,0.3902634382247925,3.619703531265259,-5.956105709075928,0.8913815021514893,1.2069505453109741,0.2764260172843933,6.228035926818848,-5.256833553314209
48,50.0,0.9655172824859619,1.4022986888885498,0.28326067328453064,0.9624764919281006,1.1393821239471436,0.2310502529144287,5.529196262359619,-6.448009967803955,0.8919541835784912,2.3647191524505615,0.4290923476219177,3.199810743331909,-5.941802501678467,1.0768429040908813,1.588392734527588,0.3315458297729492,6.479343891143799,-6.557229995727539
49,50.0,0.8965517282485962,0.8965517282485962,0.22592149674892426,0.8761448860168457,0.8518356680870056,0.2543026804924011,3.634644031524658,-7.009158611297607,0.9606695175170898,1.7995778322219849,0.43889719247817993,7.573584079742432,-6.329706192016602,1.000666856765747,1.520810604095459,0.3693695068359375,3.676527261734009,-5.85810661315918
50,10.0,0.4367816150188446,0.6206896901130676,0.11864183098077774,0.26731646060943604,0.8176077604293823,0.23060980439186096,1.6782625913619995,-13.600285530090332,0.304226279258728,0.6604743003845215,0.21434976160526276,1.5241824388504028,-13.170881271362305,0.3992053270339966,0.6779249906539917,0.17291897535324097,1.5899031162261963,-13.138330459594727
51,10.0,0.3218390643596649,0.436781644821167,0.09565332531929016,0.36551225185394287,0.78011155128479,0.2338598668575287,1.6473132371902466,-13.752169609069824,0.3263269364833832,0.6628796458244324,0.21946577727794647,1.5761607885360718,-13.364421844482422,0.3068320155143738,0.8129012584686279,0.14982366561889648,2.345325469970703,-13.795082092285156
52,10.0,0.2988505959510803,0.41379308700561523,0.1070154532790184,0.35480761528015137,0.5622333288192749,0.1327877938747406,1.6014631986618042,-13.307416915893555,0.3214465379714966,0.8251638412475586,0.2444208562374115,2.183241367340088,-13.315620422363281,0.31394365429878235,0.9078258275985718,0.20955482125282288,2.1319384574890137,-13.294329643249512
53,10.0,0.48275861144065857,0.6436781883239746,0.13291054964065552,0.3529963493347168,0.808168351650238,0.21653379499912262,2.4681828022003174,-12.627449989318848,0.41214847564697266,0.7321533560752869,0.24721761047840118,2.5098536014556885,-12.051644325256348,0.5231401920318604,0.750930905342102,0.22185087203979492,2.5916619300842285,-12.214442253112793
54,10.0,0.27586206793785095,0.4137931168079376,0.09750298410654068,0.3464242219924927,0.573881983757019,0.17550693452358246,1.9688295125961304,-13.446671485900879,0.266371488571167,0.7791356444358826,0.23667052388191223,1.9340332746505737,-13.979572296142578,0.3790845274925232,0.7085092067718506,0.2765716314315796,1.7914788722991943,-13.502445220947266
55,10.0,0.4597701132297516,0.3448275923728943,0.12868277728557587,0.3507348597049713,0.5176130533218384,0.17281945049762726,2.7280619144439697,-10.886197090148926,0.4251587688922882,0.9470020532608032,0.2431441843509674,2.354762315750122,-11.529065132141113,0.3589862287044525,0.6927700042724609,0.21412751078605652,2.2374441623687744,-11.541943550109863
56,10.0,0.36781609058380127,0.4597701132297516,0.10807240009307861,0.3573155403137207,0.7376962900161743,0.21644312143325806,2.006037712097168,-12.545950889587402,0.3328804671764374,0.6788737177848816,0.24039804935455322,2.376232624053955,-12.719474792480469,0.29940924048423767,0.5384447574615479,0.17317208647727966,2.2253756523132324,-12.992728233337402
57,10.0,0.29885056614875793,0.4597700834274292,0.11124323308467865,0.2943526804447174,0.7793951034545898,0.16182555258274078,1.5692695379257202,-13.456306457519531,0.39939627051353455,0.8135918974876404,0.22781749069690704,1.527897596359253,-13.428746223449707,0.3780283033847809,0.8492664694786072,0.23577745258808136,2.0856218338012695,-12.96448802947998
58,10.0,0.27586206793785095,0.3678160309791565,0.10410885512828827,0.3316076397895813,0.624974250793457,0.21128161251544952,1.7487220764160156,-13.548177719116211,0.4298367500305176,0.8979873657226562,0.23591966927051544,1.5951193571090698,-13.411006927490234,0.31835854053497314,0.5122324824333191,0.15506836771965027,1.968307614326477,-13.423237800598145
59,10.0,0.48275861144065857,0.36781615018844604,0.12683314085006714,0.2639760375022888,0.6085339784622192,0.18270687758922577,2.029764413833618,-12.44357681274414,0.288600891828537,0.856041669845581,0.23703472316265106,2.561387777328491,-12.706424713134766,0.40136483311653137,0.7846295833587646,0.17251206934452057,2.6407840251922607,-12.291504859924316
60,20.0,0.7126436233520508,0.8965516686439514,0.1469150334596634,0.6030662059783936,0.978239119052887,0.18308742344379425,2.7525012493133545,-9.81286907196045,0.6680305004119873,1.3618336915969849,0.3585517108440399,2.065439462661743,-9.461230278015137,0.7027738094329834,0.8580545783042908,0.21045944094657898,3.939420223236084,-9.17991828918457
61,20.0,0.6206896305084229,0.5977011919021606,0.1651473194360733,0.6227618455886841,0.8237026929855347,0.2221941500902176,5.228058815002441,-9.10102653503418,0.5927722454071045,1.2628555297851562,0.3938446044921875,3.498380422592163,-9.520565032958984,0.6254557371139526,1.305690050125122,0.29044339060783386,3.9976749420166016,-8.574419021606445
62,20.0,0.7126436233520508,0.5287357568740845,0.15404942631721497,0.555420994758606,0.8824973106384277,0.2761719822883606,3.6708016395568848,-8.311800956726074,0.7843912839889526,0.7257227301597595,0.2977781295776367,2.0079572200775146,-8.796910285949707,0.5736942291259766,0.7692403793334961,0.22865529358386993,3.379909038543701,-8.454000473022461
63,20.0,0.5747126340866089,0.436781644821167,0.12207689881324768,0.5923269987106323,0.8369333744049072,0.2733843922615051,3.0570311546325684,-10.02370548248291,0.764934778213501,1.1447428464889526,0.2857668399810791,4.4789719581604,-10.071711540222168,0.5549960136413574,0.969972550868988,0.21572816371917725,4.330348968505859,-10.208900451660156
64,20.0,0.5977011919021606,0.390804648399353,0.1305324286222458,0.6191729307174683,0.6454156041145325,0.18977360427379608,1.5934689044952393,-10.346263885498047,0.5695111751556396,1.1252151727676392,0.23874212801456451,4.265470504760742,-9.064879417419434,0.6150871515274048,0.9229636192321777,0.2528756558895111,3.7686190605163574,-7.385334491729736
65,20.0,0.919540286064148,0.5977012515068054,0.15299247205257416,0.5990859866142273,0.9070466756820679,0.22589105367660522,4.4866509437561035,-8.727631568908691,0.684420108795166,1.243933916091919,0.28431016206741333,5.3280029296875,-8.578095436096191,0.7231196165084839,0.7762452960014343,0.21124103665351868,4.941401958465576,-8.543006896972656
66,20.0,0.5977011919021606,0.4597700834274292,0.1321178525686264,0.5360102653503418,1.1759133338928223,0.2900981605052948,2.13364315032959,-9.9783296585083,0.7922756671905518,1.7903960943222046,0.3290325999259949,4.625040054321289,-8.749890327453613,0.5690276026725769,0.6787013411521912,0.20509128272533417,4.4084367752075195,-9.602991104125977
67,20.0,0.6896551847457886,0.4597701132297516,0.1725459098815918,0.6035966873168945,1.143859624862671,0.2694452106952667,2.807587146759033,-8.761870384216309,0.7236990928649902,1.0742852687835693,0.2828325629234314,4.7528204917907715,-9.118810653686523,0.6882928609848022,0.9101974964141846,0.22433149814605713,3.625011682510376,-9.170270919799805
68,20.0,0.7586207389831543,0.5747125744819641,0.1635618954896927,0.6606659889221191,0.7310246229171753,0.22183121740818024,3.6491575241088867,-8.151015281677246,0.5874501466751099,0.8308408260345459,0.23453564941883087,5.138926982879639,-7.09163761138916,0.6935032606124878,1.0424574613571167,0.2513544261455536,4.641160011291504,-7.014113903045654
69,20.0,0.5517240762710571,0.6896551847457886,0.14163033664226532,0.6299671530723572,0.7082827091217041,0.22245889902114868,4.122231960296631,-10.204867362976074,0.5667320489883423,0.9173241853713989,0.2740314304828644,4.819190502166748,-9.52534008026123,0.6554681062698364,0.6160563230514526,0.222930446267128,4.729109287261963,-9.657491683959961
70,30.0,0.7126436233520508,0.6896551847457886,0.13845950365066528,0.8174194097518921,1.0302033424377441,0.2384219616651535,5.886019706726074,-7.630038738250732,0.7223505973815918,1.301880121231079,0.3531472682952881,6.11606502532959,-4.785635471343994,0.8319025039672852,0.7344982624053955,0.23251385986804962,5.786005020141602,-5.841259479522705
71,30.0,0.8045977354049683,0.5057471990585327,0.15061435103416443,0.7991518974304199,1.051811695098877,0.23599232733249664,4.719627380371094,-5.693192481994629,0.8678277730941772,1.2848587036132812,0.3543415367603302,3.439380645751953,-8.810124397277832,0.7381993532180786,1.1034462451934814,0.2652718424797058,4.579648971557617,-8.708029747009277
72,30.0,0.7586207389831543,0.6436781883239746,0.1474435180425644,0.9660099744796753,0.90785813331604,0.23822760581970215,5.434002876281738,-4.180345058441162,0.8840126991271973,1.8244471549987793,0.35535702109336853,5.93842887878418,-7.850691318511963,0.8494851589202881,0.9151108264923096,0.2439899891614914,5.32656717300415,-6.025839805603027
73,30.0,0.9885057210922241,0.6206896901130676,0.18390806019306183,0.7626045942306519,0.8875683546066284,0.2097226083278656,6.036692142486572,-6.594254016876221,0.7117215394973755,1.5471017360687256,0.3838927149772644,4.889672756195068,-8.150187492370605,0.7387723922729492,0.8633847236633301,0.26041674613952637,6.254893779754639,-7.736402988433838
74,30.0,0.7356321811676025,0.8275861740112305,0.1572202444076538,0.7561095952987671,0.9654245376586914,0.2068723887205124,3.8327300548553467,-8.726036071777344,0.8078714609146118,1.375314712524414,0.5027906894683838,6.7793684005737305,-6.109714031219482,0.7925113439559937,1.1340370178222656,0.29335305094718933,6.106420516967773,-6.402093887329102
75,30.0,0.7356321811676025,0.5057470798492432,0.14427268505096436,0.8038195371627808,0.9654569625854492,0.21939867734909058,5.584713935852051,-7.763287544250488,0.8657001256942749,1.2988324165344238,0.3115220069885254,3.942173719406128,-8.118285179138184,0.865792989730835,0.97635817527771,0.24382369220256805,3.4066286087036133,-8.40462875366211
76,30.0,0.8045977354049683,0.5517240762710571,0.1408376395702362,0.7334116697311401,0.9238772392272949,0.18362271785736084,4.63120174407959,-7.075501441955566,0.9809494018554688,2.1174302101135254,0.4287550449371338,4.271955966949463,-5.646358013153076,0.7461128234863281,0.9959389567375183,0.20747002959251404,5.434597969055176,-7.728748321533203
77,30.0,1.080459713935852,0.5057471990585327,0.15378516912460327,0.8062839508056641,1.138424277305603,0.25720101594924927,6.1816534996032715,-6.08353853225708,0.6922882795333862,1.6159350872039795,0.3500932455062866,6.78721809387207,-2.916025161743164,0.7411364316940308,1.0456717014312744,0.292570561170578,6.271321773529053,-4.26802921295166
78,30.0,0.8735631704330444,0.8965517282485962,0.15008588135242462,0.9290117025375366,1.2423454523086548,0.21432751417160034,4.217617034912109,-9.181867599487305,0.9013620615005493,1.005115032196045,0.37204602360725403,5.259112358093262,-7.550560474395752,0.8407354354858398,0.5708706378936768,0.18955208361148834,4.725332260131836,-7.658014297485352
79,30.0,0.8505747318267822,0.5287356972694397,0.13819526135921478,0.9478806257247925,0.6847103834152222,0.22178888320922852,5.459812164306641,-7.241670608520508,0.6346042156219482,1.1586884260177612,0.25037163496017456,4.701820373535156,-6.267024517059326,0.8021358251571655,0.6230037808418274,0.19929319620132446,4.546398639678955,-5.119207382202148
80,40.0,0.8045977354049683,1.126436710357666,0.17862333357334137,0.8346410989761353,0.9581350088119507,0.2221931368112564,6.284589767456055,-4.848095417022705,0.8262174129486084,1.9494071006774902,0.4059075117111206,6.749560356140137,-5.614758014678955,0.9050577878952026,1.1092790365219116,0.22641876339912415,7.98941707611084,-1.985193133354187
81,40.0,0.919540286064148,0.7126436829566956,0.18258686363697052,0.8968111276626587,0.8505581617355347,0.2005947083234787,5.877918720245361,-4.766510009765625,0.8795650005340576,1.5463736057281494,0.3513907790184021,8.042454719543457,-3.7054145336151123,0.8267379999160767,1.2366745471954346,0.2704392671585083,6.67035436630249,-3.938026189804077
82,40.0,0.8045977354049683,1.0574712753295898,0.16250494122505188,1.0671429634094238,0.8611958026885986,0.2714102566242218,4.45994234085083,-6.074294567108154,0.9473460912704468,1.0503488779067993,0.2862488329410553,5.150891304016113,-8.40722370147705,0.8775011301040649,0.7722451686859131,0.25865277647972107,4.68948221206665,-8.292763710021973
83,40.0,0.8045977354049683,0.5287356376647949,0.14215880632400513,0.8384044170379639,0.8177250027656555,0.20565283298492432,5.799160480499268,-7.739987373352051,0.8145654201507568,1.7220189571380615,0.36601632833480835,2.366132974624634,-8.332053184509277,0.7947949171066284,1.6572730541229248,0.29179877042770386,7.313600063323975,-7.329343318939209
84,40.0,0.8275861740112305,0.7586206197738647,0.14612233638763428,0.857225775718689,1.0493764877319336,0.27160415053367615,6.01994514465332,-4.976729393005371,0.991073727607727,2.1925950050354004,0.43514084815979004,7.763012886047363,-2.087287425994873,0.8660856485366821,1.4983757734298706,0.3350432515144348,4.641904830932617,-8.581068992614746
85,40.0,0.8045977354049683,0.5747125148773193,0.16329766809940338,0.900786280632019,0.8198807835578918,0.23265968263149261,8.124710083007812,-7.6666035652160645,0.779590368270874,2.1280314922332764,0.498672217130661,5.628907203674316,-7.369356155395508,0.932839035987854,1.0256669521331787,0.24516484141349792,6.358216285705566,-7.114706993103027
86,40.0,0.8735631704330444,0.9655172228813171,0.18417228758335114,0.9686950445175171,1.1651957035064697,0.2785462737083435,5.550164222717285,-6.106420993804932,0.8784536123275757,1.6109265089035034,0.28954434394836426,5.530176639556885,-4.954732418060303,0.8332850933074951,1.0283960103988647,0.24698936939239502,8.069696426391602,-3.8384876251220703
87,40.0,1.034482717514038,0.7126436233520508,0.1738670915365219,1.0594069957733154,1.20054030418396,0.30372554063796997,7.359384536743164,0.7703024744987488,0.9699288606643677,2.4595651626586914,0.6290283203125,6.047598361968994,-4.572264194488525,0.7626010179519653,1.6782007217407227,0.36513751745224,6.786103248596191,-4.578009605407715
88,40.0,0.9425287246704102,0.9885057210922241,0.16197648644447327,0.9101934432983398,1.0292510986328125,0.23490682244300842,9.31054973602295,2.5498297214508057,1.0807825326919556,1.6561983823776245,0.4636753499507904,8.076581954956055,6.245964050292969,0.8161928653717041,1.0040390491485596,0.2693605422973633,5.791186332702637,-5.76182222366333
89,40.0,0.8965517282485962,1.0574712753295898,0.1968555599451065,0.85152268409729,1.2851204872131348,0.2461763620376587,6.980566024780273,-5.817190170288086,0.9073762893676758,1.6524956226348877,0.4063867926597595,6.603510856628418,-0.293183833360672,0.8451216220855713,1.0563819408416748,0.2909286320209503,6.132110118865967,-4.217071533203125
90,50.0,1.080459713935852,1.563218593597412,0.30175715684890747,0.8327268362045288,1.0179026126861572,0.23702959716320038,8.921477317810059,4.626299858093262,0.9484596252441406,1.2568073272705078,0.35225847363471985,11.016752243041992,-2.070706844329834,0.9196689128875732,1.2401756048202515,0.3316149115562439,7.42502498626709,-1.2881255149841309
91,50.0,0.8505747318267822,1.4482758045196533,0.24388954043388367,1.0615870952606201,1.3438607454299927,0.27378037571907043,6.24310827255249,-6.6113505363464355,0.968298077583313,1.999181866645813,0.4330992102622986,5.962540149688721,-3.5235114097595215,0.9054251909255981,0.9066404104232788,0.2502999007701874,7.502667427062988,-4.933582305908203
92,50.0,0.8275861740112305,0.8045976758003235,0.18496498465538025,0.9617857933044434,1.235060453414917,0.24732892215251923,2.9638092517852783,-7.810400485992432,1.0202662944793701,2.6061673164367676,0.48215338587760925,7.876636981964111,7.124426364898682,0.8705257177352905,1.9781270027160645,0.3959077298641205,7.751174449920654,0.06531891971826553
93,50.0,0.9425287246704102,1.2413792610168457,0.25842249393463135,0.8949480056762695,0.9880717396736145,0.26225316524505615,3.348207950592041,-7.791642665863037,0.8773598670959473,1.1483347415924072,0.3486407995223999,3.6758060455322266,-6.833837985992432,1.009962558746338,1.2029486894607544,0.3040710389614105,4.4593682289123535,-7.259194374084473
94,50.0,0.8275861740112305,0.9885058403015137,0.21667326986789703,0.9832191467285156,0.6715199947357178,0.20214317739009857,6.146180629730225,-7.535179615020752,0.8677531480789185,2.054964780807495,0.6269712448120117,4.139441013336182,-5.607552528381348,0.8300063610076904,1.861371397972107,0.2926131784915924,5.7750654220581055,-7.433521270751953
95,50.0,0.919540286064148,1.0114941596984863,0.22565729916095734,0.8353179693222046,1.0864348411560059,0.27444133162498474,2.724329948425293,-8.65467643737793,0.9772005081176758,1.9569895267486572,0.4130546748638153,4.366451263427734,-8.345503807067871,0.8814198970794678,1.0912108421325684,0.2890157103538513,3.7915353775024414,-7.2654948234558105
96,50.0,0.8275861740112305,1.0574712753295898,0.23358434438705444,0.9037431478500366,1.3030433654785156,0.2449861764907837,2.190363883972168,-7.935685157775879,0.888224720954895,1.2263895273208618,0.32997754216194153,3.474156379699707,-5.55844259262085,0.8948956727981567,1.8249304294586182,0.30590200424194336,3.8703818321228027,-7.992654323577881
97,50.0,0.8045977354049683,1.2873563766479492,0.20980313420295715,0.9271501302719116,1.2346949577331543,0.3174210786819458,4.482842922210693,-7.376689910888672,0.9361883401870728,1.9140912294387817,0.5507414937019348,6.6162190437316895,-4.838311195373535,1.1702836751937866,1.9372293949127197,0.3089757561683655,4.6193976402282715,-6.807054042816162
98,50.0,0.9655172824859619,1.4022986888885498,0.28326067328453064,0.9163596630096436,0.8131975531578064,0.23464035987854004,5.212664604187012,-4.943244457244873,1.3896095752716064,3.6483306884765625,0.6788747906684875,3.925142765045166,-6.196704864501953,1.1097129583358765,0.9263685345649719,0.25936105847358704,4.1634202003479,-7.12952184677124
99,50.0,0.8965517282485962,0.8965517282485962,0.22592149674892426,0.8589859008789062,1.2431137561798096,0.2583094537258148,8.43730640411377,-0.9885838627815247,0.9100043773651123,1.7587602138519287,0.3658953011035919,4.422039985656738,-6.91982364654541,0.9931539297103882,1.5485641956329346,0.39441409707069397,8.806506156921387,-3.3872523307800293
100,10.0,0.4367816150188446,0.6206896901130676,0.11864183098077774,0.27709338068962097,0.6282325983047485,0.14662684500217438,1.9085092544555664,-13.262106895446777,0.3044944107532501,0.535559892654419,0.18679893016815186,1.598971962928772,-13.187210083007812,0.30210748314857483,0.6306892037391663,0.16471466422080994,1.5963678359985352,-13.075541496276855
101,10.0,0.3218390643596649,0.436781644821167,0.09565332531929016,0.3045366108417511,0.7316198348999023,0.17116199433803558,1.1746172904968262,-13.690646171569824,0.2581537663936615,0.7645422220230103,0.2067369967699051,2.017971992492676,-13.619580268859863,0.34108230471611023,0.833753228187561,0.2138124704360962,2.164050817489624,-13.379009246826172
102,10.0,0.2988505959510803,0.41379308700561523,0.1070154532790184,0.33757951855659485,0.6519473195075989,0.19711731374263763,2.286442756652832,-13.2896146774292,0.3304152488708496,0.9338763356208801,0.2732890248298645,1.506596326828003,-13.117266654968262,0.3410622477531433,0.6653609871864319,0.18517906963825226,1.8006186485290527,-13.479043006896973
103,10.0,0.48275861144065857,0.6436781883239746,0.13291054964065552,0.334195613861084,0.6878273487091064,0.15761025249958038,1.3731939792633057,-12.751949310302734,0.34045907855033875,0.5863920450210571,0.17947112023830414,2.5942726135253906,-12.363771438598633,0.3556329011917114,0.7182134389877319,0.18809100985527039,1.5016790628433228,-12.828354835510254
104,10.0,0.27586206793785095,0.4137931168079376,0.09750298410654068,0.3498605191707611,0.5632427334785461,0.15754437446594238,1.787323236465454,-13.340437889099121,0.3386796712875366,0.6628614664077759,0.1920555979013443,1.6883196830749512,-13.332695007324219,0.38084664940834045,0.9823781847953796,0.2759888768196106,2.113226890563965,-13.394731521606445
105,10.0,0.4597701132297516,0.3448275923728943,0.12868277728557587,0.4971616268157959,0.6500848531723022,0.14802347123622894,2.003976821899414,-11.348615646362305,0.35815319418907166,0.9033852815628052,0.22478263080120087,2.432420253753662,-11.944602012634277,0.48715534806251526,0.6994097232818604,0.19038717448711395,2.8590662479400635,-11.106549263000488
106,10.0,0.36781609058380127,0.4597701132297516,0.10807240009307861,0.34734976291656494,0.9509162902832031,0.18537403643131256,1.9713404178619385,-12.978435516357422,0.3412979543209076,0.7767733335494995,0.20430904626846313,2.154080629348755,-13.247241020202637,0.365852952003479,0.4693560004234314,0.15440885722637177,1.9079900979995728,-12.754844665527344
107,10.0,0.29885056614875793,0.4597700834274292,0.11124323308467865,0.30244529247283936,0.9633430242538452,0.20660145580768585,1.2182735204696655,-13.989965438842773,0.3309502899646759,0.7476599216461182,0.21145997941493988,1.4951961040496826,-13.517594337463379,0.37437713146209717,0.8360912203788757,0.19086945056915283,1.653333306312561,-14.003850936889648
108,10.0,0.27586206793785095,0.3678160309791565,0.10410885512828827,0.2886258661746979,0.609174370765686,0.19390952587127686,1.5685473680496216,-14.14720630645752,0.39574867486953735,0.963922381401062,0.2995103597640991,1.805594563484192,-13.43910026550293,0.36632615327835083,1.0088210105895996,0.22441580891609192,1.6303154230117798,-13.798271179199219
109,10.0,0.48275861144065857,0.36781615018844604,0.12683314085006714,0.350901335477829,0.8524852991104126,0.20280753076076508,2.4261813163757324,-12.743998527526855,0.3311263918876648,0.7503281831741333,0.20819170773029327,2.7545669078826904,-12.546402931213379,0.395031601190567,0.6037195920944214,0.15568476915359497,1.7526476383209229,-13.321676254272461
110,20.0,0.7126436233520508,0.8965516686439514,0.1469150334596634,0.6096267700195312,0.6142981052398682,0.1903150975704193,4.941877841949463,-8.35983657836914,0.7252755165100098,1.0842646360397339,0.3346605896949768,2.5193490982055664,-9.214576721191406,0.545865535736084,1.3014626502990723,0.23653841018676758,4.588054656982422,-8.807683944702148
111,20.0,0.6206896305084229,0.5977011919021606,0.1651473194360733,0.6370677947998047,0.9562374353408813,0.20140902698040009,3.4143779277801514,-10.107637405395508,0.5167174339294434,0.6904615759849548,0.21381768584251404,3.1875884532928467,-9.827353477478027,0.6599135398864746,0.8672816753387451,0.21559444069862366,2.7631354331970215,-9.558731079101562
112,20.0,0.7126436233520508,0.5287357568740845,0.15404942631721497,0.6364247798919678,0.8246487379074097,0.21303047239780426,4.88455867767334,-6.398216724395752,0.5801116824150085,1.0585218667984009,0.29825359582901,4.035838603973389,-8.229070663452148,0.7069247961044312,1.287886381149292,0.3282041549682617,3.3613100051879883,-9.066786766052246
113,20.0,0.5747126340866089,0.436781644821167,0.12207689881324768,0.6811684370040894,0.8259605169296265,0.2381945252418518,5.1917009353637695,-9.205939292907715,0.7830721139907837,1.4035073518753052,0.34020593762397766,4.046387195587158,-9.520756721496582,0.577089786529541,1.163041114807129,0.28486818075180054,3.248297691345215,-9.74775218963623
114,20.0,0.5977011919021606,0.390804648399353,0.1305324286222458,0.6137562990188599,0.731779158115387,0.19652873277664185,2.074347972869873,-10.029616355895996,0.5867977142333984,0.746985673904419,0.23099705576896667,2.5957391262054443,-9.284004211425781,0.648186981678009,0.6235384941101074,0.2212544083595276,4.182957649230957,-9.697906494140625
115,20.0,0.919540286064148,0.5977012515068054,0.15299247205257416,0.5801633596420288,0.7357609272003174,0.2302175909280777,3.8628129959106445,-8.81885051727295,0.692065954208374,0.8427101373672485,0.28761935234069824,3.364645481109619,-8.276384353637695,0.5337685346603394,1.1139476299285889,0.20915327966213226,4.175876140594482,-7.839043140411377
116,20.0,0.5977011919021606,0.4597700834274292,0.1321178525686264,0.6361843347549438,1.1072402000427246,0.24669642746448517,2.545788049697876,-9.703902244567871,0.7633852958679199,1.0576276779174805,0.2637656331062317,4.140678405761719,-9.73767375946045,0.5098308324813843,0.7778241038322449,0.24133892357349396,2.351580858230591,-10.029078483581543
117,20.0,0.6896551847457886,0.4597701132297516,0.1725459098815918,0.588988184928894,0.4905881881713867,0.17551974952220917,5.434589385986328,-9.198348045349121,0.6733827590942383,1.1960784196853638,0.3215350806713104,3.500185489654541,-8.390670776367188,0.6212104558944702,1.3683274984359741,0.2696521282196045,5.601683139801025,-6.511989593505859
118,20.0,0.7586207389831543,0.5747125744819641,0.1635618954896927,0.6749898195266724,0.7100843191146851,0.20754288136959076,1.8658196926116943,-9.529095649719238,0.5879029035568237,0.8831323385238647,0.2641724646091461,3.6606273651123047,-7.5985212326049805,0.6167287826538086,0.6702517867088318,0.21478787064552307,5.562376022338867,-7.101592540740967
119,20.0,0.5517240762710571,0.6896551847457886,0.14163033664226532,0.6104581356048584,0.670575737953186,0.21941795945167542,4.356552600860596,-9.892180442810059,0.6256822347640991,1.0107426643371582,0.2801367938518524,4.186935901641846,-10.149552345275879,0.7405134439468384,0.8099459409713745,0.21672584116458893,4.217111587524414,-8.252525329589844
120,30.0,0.7126436233520508,0.6896551847457886,0.13845950365066528,0.7994856834411621,1.2769572734832764,0.2398616373538971,5.600719928741455,-5.35214900970459,0.8350245952606201,2.0372443199157715,0.485733300447464,5.308420658111572,-5.162331581115723,0.7355026006698608,0.7527825832366943,0.24924418330192566,4.972043514251709,-7.376125335693359
121,30.0,0.8045977354049683,0.5057471990585327,0.15061435103416443,0.7807636260986328,0.8743636012077332,0.2139391452074051,5.035806655883789,-6.260404109954834,0.7775095701217651,1.5085327625274658,0.3854093849658966,5.852173328399658,-6.424957275390625,0.8450354337692261,0.9447552561759949,0.2141953408718109,7.419938087463379,-3.446586847305298
122,30.0,0.7586207389831543,0.6436781883239746,0.1474435180425644,1.069058895111084,0.9387513399124146,0.2467150241136551,6.801518440246582,-5.617990016937256,0.8504607677459717,1.7581708431243896,0.39395833015441895,6.070296764373779,-6.373929977416992,0.697272539138794,0.7177392840385437,0.20777390897274017,3.6375417709350586,-8.905412673950195
123,30.0,0.9885057210922241,0.6206896901130676,0.18390806019306183,0.8215826749801636,0.9298176765441895,0.2413576990365982,6.734362602233887,-5.654485702514648,0.7938684225082397,1.680242896080017,0.38253265619277954,4.819061279296875,-7.68079948425293,0.7142430543899536,1.040454626083374,0.3194182813167572,6.045385360717773,-7.059150695800781
124,30.0,0.7356321811676025,0.8275861740112305,0.1572202444076538,0.8927966356277466,1.0341734886169434,0.26483356952667236,6.556163311004639,-5.571543216705322,0.8129794597625732,1.532790184020996,0.41125133633613586,5.510301113128662,-7.370246410369873,0.8395169973373413,0.8902333378791809,0.22010524570941925,5.816464424133301,-7.130341053009033
125,30.0,0.7356321811676025,0.5057470798492432,0.14427268505096436,0.6716241836547852,0.7923558950424194,0.20529748499393463,3.438462257385254,-8.863876342773438,0.7560999393463135,1.7734341621398926,0.3407847285270691,6.671863555908203,-7.547035217285156,0.7663459777832031,0.6700453758239746,0.2171190232038498,1.9407320022583008,-9.097503662109375
126,30.0,0.8045977354049683,0.5517240762710571,0.1408376395702362,0.8119653463363647,1.0465160608291626,0.2575320601463318,5.4831366539001465,-6.5160813331604,0.8070350885391235,1.3494627475738525,0.30041956901550293,5.567973613739014,-6.8678059577941895,0.7086001634597778,0.8732149004936218,0.23796607553958893,5.773899078369141,-3.2017874717712402
127,30.0,1.080459713935852,0.5057471990585327,0.15378516912460327,0.853824257850647,0.9511542320251465,0.22271838784217834,7.1323676109313965,-5.783827304840088,0.8079015016555786,1.119084119796753,0.30457696318626404,6.045910358428955,-4.098686218261719,0.9002915620803833,0.8099093437194824,0.25727084279060364,5.472168445587158,-2.885063886642456
128,30.0,0.8735631704330444,0.8965517282485962,0.15008588135242462,0.7915394306182861,0.9873949885368347,0.27050110697746277,3.718824625015259,-9.147220611572266,0.7730205059051514,0.9176169633865356,0.2962211072444916,6.238500595092773,-5.656968116760254,0.7859277725219727,0.7212145328521729,0.19606517255306244,7.081975936889648,-4.1834797859191895
129,30.0,0.8505747318267822,0.5287356972694397,0.13819526135921478,0.8942394256591797,1.2111581563949585,0.26973047852516174,7.44157600402832,-3.4115312099456787,0.9435896873474121,1.6125528812408447,0.35682550072669983,4.285156726837158,-7.157362461090088,0.9168655872344971,0.809876561164856,0.2784757912158966,7.921125888824463,-4.129752159118652
130,40.0,0.8045977354049683,1.126436710357666,0.17862333357334137,0.9034850597381592,0.9957934617996216,0.23273780941963196,7.58971643447876,-4.945279121398926,0.8242450952529907,1.059539556503296,0.3518027663230896,6.064306735992432,-5.802769184112549,0.8029873371124268,0.8529744148254395,0.2951199412345886,7.42650032043457,-6.004250526428223
131,40.0,0.919540286064148,0.7126436829566956,0.18258686363697052,0.8653585910797119,0.7758722305297852,0.20634832978248596,6.59934663772583,-4.3572678565979,0.921750545501709,1.304022192955017,0.41415101289749146,6.343212604522705,-4.805604934692383,0.8750144243240356,1.1381808519363403,0.2741689682006836,7.545017719268799,-4.7243266105651855
132,40.0,0.8045977354049683,1.0574712753295898,0.16250494122505188,0.9911128282546997,0.888393223285675,0.23749612271785736,8.027795791625977,-5.7988200187683105,0.7934602499008179,1.4766966104507446,0.3241627812385559,5.516923904418945,-8.553377151489258,0.8330186605453491,1.3007876873016357,0.25075626373291016,4.858466148376465,-4.634640693664551
133,40.0,0.8045977354049683,0.5287356376647949,0.14215880632400513,0.8291058540344238,1.3301329612731934,0.24397093057632446,4.19667387008667,-7.193310737609863,0.8374466896057129,1.841515064239502,0.404889851808548,4.853940963745117,-3.22487211227417,1.0995635986328125,1.2841525077819824,0.3120521605014801,8.860247611999512,-3.057947874069214
134,40.0,0.8275861740112305,0.7586206197738647,0.14612233638763428,0.8706221580505371,1.2567942142486572,0.25772178173065186,6.662981033325195,-4.4320597648620605,0.8880715370178223,2.204895257949829,0.42034438252449036,7.919198513031006,-6.013713359832764,0.8098756074905396,0.7953177690505981,0.1857421100139618,5.211005687713623,-8.184273719787598
135,40.0,0.8045977354049683,0.5747125148773193,0.16329766809940338,0.8386237621307373,1.381408452987671,0.23897263407707214,1.8541487455368042,-7.825339317321777,0.9481370449066162,1.9202111959457397,0.439470499753952,4.297962665557861,-7.164238452911377,0.945195198059082,1.1030102968215942,0.2775864899158478,4.697879314422607,-7.2098002433776855
136,40.0,0.8735631704330444,0.9655172228813171,0.18417228758335114,0.8387964963912964,1.052931785583496,0.18627521395683289,9.629619598388672,-1.7969294786453247,0.8829120397567749,1.6594767570495605,0.36272603273391724,7.507729530334473,-7.55290412902832,0.9265937805175781,0.9757177829742432,0.24639399349689484,5.801577091217041,-8.509798049926758
137,40.0,1.034482717514038,0.7126436233520508,0.1738670915365219,1.0014399290084839,1.2067950963974,0.31307896971702576,8.178420066833496,-3.065641403198242,0.8302007913589478,2.0034239292144775,0.4230826497077942,6.4348063468933105,-4.780619144439697,0.8000551462173462,0.8044072985649109,0.20076948404312134,7.899983882904053,-5.716970443725586
138,40.0,0.9425287246704102,0.9885057210922241,0.16197648644447327,0.8427681922912598,1.074338436126709,0.2546146512031555,8.587559700012207,-4.807219982147217,0.8749576807022095,1.8898262977600098,0.44869425892829895,7.966187953948975,1.1625168323516846,0.7963751554489136,1.0304207801818848,0.24322864413261414,6.359645843505859,-6.265879154205322
139,40.0,0.8965517282485962,1.0574712753295898,0.1968555599451065,0.8374829292297363,0.6671372652053833,0.19085562229156494,7.437234878540039,-2.1352949142456055,0.8194701671600342,0.7940367460250854,0.27806633710861206,7.149134635925293,-0.5533045530319214,0.7931938171386719,1.3763461112976074,0.29791170358657837,5.805861949920654,-2.290526866912842
140,50.0,1.080459713935852,1.563218593597412,0.30175715684890747,0.9526313543319702,1.0220853090286255,0.2942523658275604,11.345462799072266,-1.6279593706130981,0.9397814273834229,1.6712090969085693,0.5140553712844849,10.655329704284668,3.97816801071167,0.9187432527542114,1.0475571155548096,0.2756924331188202,8.733516693115234,0.8592509627342224
141,50.0,0.8505747318267822,1.4482758045196533,0.24388954043388367,1.0583281517028809,1.3491116762161255,0.29934877157211304,8.891990661621094,-4.9693474769592285,1.0135198831558228,2.42829966545105,0.5440427660942078,5.679258823394775,-6.056980609893799,0.8893014192581177,1.430821180343628,0.25803104043006897,7.329761505126953,-3.4850645065307617
142,50.0,0.8275861740112305,0.8045976758003235,0.18496498465538025,0.9961256980895996,1.1311664581298828,0.2773555517196655,6.725012302398682,-4.4013190269470215,0.8536709547042847,1.2435810565948486,0.3969901502132416,7.2587738037109375,-3.9612467288970947,1.0013312101364136,1.0688903331756592,0.33905065059661865,9.203972816467285,-3.1811976432800293
143,50.0,0.9425287246704102,1.2413792610168457,0.25842249393463135,0.9019309282302856,1.0208852291107178,0.3027195334434509,2.5784311294555664,-7.874181270599365,1.0063927173614502,1.662527322769165,0.417384535074234,6.534846782684326,-6.3284759521484375,0.9371758699417114,0.8673398494720459,0.2819449007511139,8.941731452941895,-1.3635567426681519
144,50.0,0.8275861740112305,0.9885058403015137,0.21667326986789703,1.0675811767578125,1.227600336074829,0.29066309332847595,6.545187473297119,-6.945300102233887,1.0280663967132568,1.7459650039672852,0.3890780806541443,7.343635082244873,-6.664255619049072,0.8848676681518555,0.9407618045806885,0.24847131967544556,8.381389617919922,-3.7971084117889404
145,50.0,0.919540286064148,1.0114941596984863,0.22565729916095734,0.8412095308303833,1.5179591178894043,0.2619082033634186,4.828272819519043,-8.42147159576416,0.93561851978302,1.3388051986694336,0.39763158559799194,3.9381911754608154,-8.05640697479248,0.8382217884063721,1.3063827753067017,0.265960693359375,7.798819541931152,-3.176027536392212
146,50.0,0.8275861740112305,1.0574712753295898,0.23358434438705444,0.9372332096099854,1.1758487224578857,0.2383326143026352,4.406074047088623,-7.566435813903809,0.84635329246521,1.9432156085968018,0.38748428225517273,4.762671947479248,-7.295847415924072,0.8768199682235718,1.549643874168396,0.23419752717018127,3.8514280319213867,-6.562882900238037
147,50.0,0.8045977354049683,1.2873563766479492,0.20980313420295715,0.9252216815948486,2.0805420875549316,0.33150768280029297,4.34526252746582,-7.628767967224121,0.8554831743240356,1.7004590034484863,0.46241632103919983,6.224874019622803,-7.158337593078613,0.8639965057373047,0.8073622584342957,0.24502190947532654,5.514686107635498,-7.679568290710449
148,50.0,0.9655172824859619,1.4022986888885498,0.28326067328453064,0.8733460903167725,1.0326166152954102,0.266001433134079,7.757095813751221,-4.370368480682373,0.9100596904754639,1.9688966274261475,0.422217458486557,3.539807081222534,-5.4594292640686035,0.9061856269836426,1.4597569704055786,0.3783881366252899,5.5370659828186035,-5.2269463539123535
149,50.0,0.8965517282485962,0.8965517282485962,0.22592149674892426,1.0062121152877808,0.8099430203437805,0.2473096251487732,3.776186943054199,-8.02627182006836,0.9529671669006348,1.6602665185928345,0.3984815776348114,6.780316352844238,-5.9929633140563965,0.9185526371002197,1.960758090019226,0.3619046211242676,9.459575653076172,-3.9377565383911133
150,10.0,0.4367816150188446,0.6206896901130676,0.11864183098077774,0.427049458026886,0.6100374460220337,0.1749139130115509,1.6007044315338135,-13.181485176086426,0.4213952422142029,0.9081943035125732,0.2423378974199295,1.9765783548355103,-13.235600471496582,0.33565035462379456,0.4763393700122833,0.16190114617347717,1.8004000186920166,-13.046457290649414
151,10.0,0.3218390643596649,0.436781644821167,0.09565332531929016,0.4021618068218231,0.8632521033287048,0.22419004142284393,1.6993739604949951,-13.44597339630127,0.3573097884654999,0.9508631229400635,0.2001684308052063,2.4156980514526367,-13.359976768493652,0.32033804059028625,0.6041592359542847,0.15110841393470764,1.7510710954666138,-13.664691925048828
152,10.0,0.2988505959510803,0.41379308700561523,0.1070154532790184,0.35947826504707336,0.533315122127533,0.173373743891716,2.1844637393951416,-13.32701587677002,0.31879979372024536,1.036758542060852,0.21492087841033936,2.399219512939453,-13.249677658081055,0.41171666979789734,0.916438639163971,0.24761612713336945,2.0557239055633545,-12.958843231201172
153,10.0,0.48275861144065857,0.6436781883239746,0.13291054964065552,0.383109986782074,0.680537760257721,0.2045881599187851,2.062392234802246,-12.437895774841309,0.35746151208877563,0.7848588824272156,0.26658162474632263,2.3477959632873535,-12.437115669250488,0.29929009079933167,0.8280314803123474,0.24383234977722168,1.7610507011413574,-12.448943138122559
154,10.0,0.27586206793785095,0.4137931168079376,0.09750298410654068,0.2977517545223236,0.5870756506919861,0.17626135051250458,1.3917222023010254,-13.736588478088379,0.3451712429523468,0.852495014667511,0.21117782592773438,2.103198289871216,-13.582220077514648,0.2798452377319336,0.5410103797912598,0.20914100110530853,1.6827569007873535,-13.97838306427002
155,10.0,0.4597701132297516,0.3448275923728943,0.12868277728557587,0.43421515822410583,0.48960447311401367,0.13623474538326263,2.257925271987915,-11.562082290649414,0.48324379324913025,1.0164718627929688,0.2490859180688858,2.4787943363189697,-11.238497734069824,0.423989862203598,1.01887845993042,0.2005963772535324,2.253615617752075,-10.745266914367676
156,10.0,0.36781609058380127,0.4597701132297516,0.10807240009307861,0.3792668879032135,0.6691303253173828,0.16829313337802887,1.669516921043396,-12.623775482177734,0.37936678528785706,1.0252602100372314,0.22879597544670105,2.217278003692627,-12.290282249450684,0.35669130086898804,1.0036892890930176,0.2298717051744461,1.9863330125808716,-12.836833953857422
157,10.0,0.29885056614875793,0.4597700834274292,0.11124323308467865,0.32477521896362305,0.6696043014526367,0.15973994135856628,2.140965461730957,-13.398908615112305,0.29735109210014343,0.7040563821792603,0.21273158490657806,1.3316115140914917,-13.87696361541748,0.39139047265052795,0.8506670594215393,0.1640581339597702,1.9088590145111084,-12.846796989440918
158,10.0,0.27586206793785095,0.3678160309791565,0.10410885512828827,0.3191085457801819,0.8138942718505859,0.16326411068439484,1.1820496320724487,-14.349879264831543,0.371881902217865,0.9427976012229919,0.2658802568912506,1.7151405811309814,-13.415084838867188,0.3874514698982239,0.7652716636657715,0.1882084310054779,1.7744314670562744,-13.597774505615234
159,10.0,0.48275861144065857,0.36781615018844604,0.12683314085006714,0.4457762539386749,0.5517376661300659,0.19349825382232666,2.0366954803466797,-12.457351684570312,0.31239548325538635,0.8347804546356201,0.2349565476179123,2.247161865234375,-12.676292419433594,0.2686803638935089,0.5772401094436646,0.15411509573459625,2.4761719703674316,-13.0765962600708
160,20.0,0.7126436233520508,0.8965516686439514,0.1469150334596634,0.5634955763816833,0.9013901948928833,0.2228885143995285,4.766373157501221,-9.001965522766113,0.5406341552734375,1.1298091411590576,0.3074449896812439,4.457861423492432,-8.997618675231934,0.7267547845840454,0.9383371472358704,0.22614693641662598,3.9551353454589844,-8.521474838256836
161,20.0,0.6206896305084229,0.5977011919021606,0.1651473194360733,0.7183026075363159,0.7322680950164795,0.21526238322257996,3.486093044281006,-9.194710731506348,0.688226580619812,1.2651153802871704,0.2636922299861908,1.959012508392334,-9.887286186218262,0.6876513957977295,1.0380674600601196,0.29414284229278564,2.1650516986846924,-9.652911186218262
162,20.0,0.7126436233520508,0.5287357568740845,0.15404942631721497,0.6958540678024292,0.7382891774177551,0.21536500751972198,3.929068088531494,-8.33614730834961,0.5191755294799805,1.328465461730957,0.30690643191337585,3.9447641372680664,-7.841988563537598,0.5808097720146179,0.7604126930236816,0.2427549660205841,3.9537553787231445,-7.8999247550964355
163,20.0,0.5747126340866089,0.436781644821167,0.12207689881324768,0.5872731804847717,0.76082444190979,0.19491897523403168,2.2007570266723633,-10.616564750671387,0.6303615570068359,0.9537391662597656,0.34367209672927856,4.425881862640381,-10.436585426330566,0.6864869594573975,1.250246286392212,0.24122174084186554,3.7296249866485596,-9.988167762756348
164,20.0,0.5977011919021606,0.390804648399353,0.1305324286222458,0.6479963064193726,0.8324723243713379,0.20545819401741028,1.6234030723571777,-9.94755744934082,0.6262713074684143,1.4115469455718994,0.27204596996307373,2.307994842529297,-9.620102882385254,0.5244512557983398,0.8964840173721313,0.23557929694652557,3.1132266521453857,-9.377782821655273
165,20.0,0.919540286064148,0.5977012515068054,0.15299247205257416,0.6463037729263306,0.991925060749054,0.2600878179073334,2.8458871841430664,-8.139472007751465,0.5542667508125305,1.2334321737289429,0.2951197028160095,2.6927402019500732,-8.690879821777344,0.554861307144165,0.7730127573013306,0.23793499171733856,4.663523197174072,-7.735491752624512
166,20.0,0.5977011919021606,0.4597700834274292,0.1321178525686264,0.6458784937858582,0.8842569589614868,0.22716528177261353,4.510162830352783,-9.613211631774902,0.6332043409347534,1.098252534866333,0.27005496621131897,1.8601588010787964,-9.75772762298584,0.5705291032791138,0.9323704838752747,0.24925051629543304,3.778704881668091,-9.778481483459473
167,20.0,0.6896551847457886,0.4597701132297516,0.1725459098815918,0.6509815454483032,1.000853419303894,0.23804232478141785,4.5940985679626465,-7.241404056549072,0.7319767475128174,1.4010756015777588,0.3929390609264374,4.975409030914307,-7.453352451324463,0.655566930770874,0.630790114402771,0.22979393601417542,5.807907581329346,-8.914385795593262
168,20.0,0.7586207389831543,0.5747125744819641,0.1635618954896927,0.69805908203125,0.849567711353302,0.2611387073993683,3.2051119804382324,-9.318175315856934,0.6915252208709717,0.9704314470291138,0.29116401076316833,4.392026424407959,-7.8071417808532715,0.6290810108184814,0.5949433445930481,0.16488824784755707,2.491758108139038,-8.510396957397461
169,20.0,0.5517240762710571,0.6896551847457886,0.14163033664226532,0.5737855434417725,0.781440258026123,0.21302488446235657,4.773667335510254,-9.838562965393066,0.573002815246582,1.33224618434906,0.40350833535194397,3.680203914642334,-9.659452438354492,0.6070917844772339,0.9779559373855591,0.2041822373867035,4.660987854003906,-10.100327491760254
170,30.0,0.7126436233520508,0.6896551847457886,0.13845950365066528,0.7278810739517212,0.6953392028808594,0.17751023173332214,5.098184585571289,-7.203568935394287,0.8227746486663818,1.5541373491287231,0.4467806816101074,6.057384014129639,-5.368818759918213,0.7768049240112305,0.966700553894043,0.24415983259677887,5.479066848754883,-5.171344757080078
171,30.0,0.8045977354049683,0.5057471990585327,0.15061435103416443,0.9142136573791504,0.9685786962509155,0.21681906282901764,6.7300310134887695,-5.701530456542969,1.1765170097351074,1.9167461395263672,0.43149155378341675,4.617640495300293,-7.493520259857178,0.7728543281555176,0.664803147315979,0.2243538796901703,5.5701775550842285,-3.906212091445923
172,30.0,0.7586207389831543,0.6436781883239746,0.1474435180425644,0.7280588150024414,1.2399905920028687,0.291868656873703,4.923766136169434,-8.211003303527832,0.7450145483016968,1.413428544998169,0.31541335582733154,3.168952226638794,-8.725228309631348,0.8651846647262573,1.1114511489868164,0.25022053718566895,4.796345233917236,-6.510721206665039
173,30.0,0.9885057210922241,0.6206896901130676,0.18390806019306183,0.8367987871170044,0.9180238246917725,0.2118532657623291,5.580921649932861,-7.295676231384277,0.7299046516418457,1.3895211219787598,0.36831238865852356,4.471469879150391,-8.048262596130371,0.8324060440063477,0.9755865335464478,0.2633645832538605,5.670608997344971,-7.657020092010498
174,30.0,0.7356321811676025,0.8275861740112305,0.1572202444076538,0.7760089635848999,0.9369886517524719,0.20314286649227142,4.223282337188721,-7.730022430419922,0.9620028734207153,1.9266849756240845,0.5187227129936218,6.061207294464111,-5.0435309410095215,0.7220501899719238,1.1437628269195557,0.25033438205718994,5.304945468902588,-8.22436809539795
175,30.0,0.7356321811676025,0.5057470798492432,0.14427268505096436,0.8386714458465576,0.7792494297027588,0.20610380172729492,3.8488147258758545,-7.801372528076172,0.821762204170227,1.15285325050354,0.3029182553291321,3.5336410999298096,-8.670188903808594,0.807953953742981,1.5713274478912354,0.31223857402801514,3.2992141246795654,-8.69530200958252
176,30.0,0.8045977354049683,0.5517240762710571,0.1408376395702362,0.8888298273086548,1.2023946046829224,0.26443493366241455,5.406801223754883,-6.2594757080078125,0.7763115167617798,1.1014305353164673,0.31199392676353455,4.723496437072754,-6.546120643615723,0.6749093532562256,0.7852532863616943,0.23131313920021057,5.582269191741943,-4.95573616027832
177,30.0,1.080459713935852,0.5057471990585327,0.15378516912460327,0.8393533229827881,0.8503239154815674,0.24251492321491241,6.266557693481445,-6.469741344451904,0.8909021615982056,1.5307316780090332,0.4167909324169159,5.917459011077881,-6.284699440002441,0.7509655952453613,1.0575377941131592,0.22838377952575684,6.8267388343811035,-5.280879497528076
178,30.0,0.8735631704330444,0.8965517282485962,0.15008588135242462,0.9629106521606445,0.9541788101196289,0.21431955695152283,5.081478595733643,-8.44260311126709,0.7971712350845337,0.9292765855789185,0.29897692799568176,5.080051898956299,-8.787117004394531,0.9605554342269897,0.9436942338943481,0.29193681478500366,4.937074661254883,-5.026256561279297
179,30.0,0.8505747318267822,0.5287356972694397,0.13819526135921478,0.6429116725921631,0.9458193778991699,0.20466510951519012,6.397719860076904,-5.714001178741455,0.8359394073486328,1.356091856956482,0.27204790711402893,5.723624229431152,-6.104831695556641,0.7221952676773071,0.8317267298698425,0.2704227566719055,6.6968183517456055,-3.55387020111084
180,40.0,0.8045977354049683,1.126436710357666,0.17862333357334137,0.9535419940948486,1.3023685216903687,0.32287687063217163,7.83897066116333,-4.309976100921631,0.9690918922424316,1.8117876052856445,0.39693978428840637,6.351805210113525,-5.344510555267334,0.8753385543823242,1.0600075721740723,0.28564906120300293,6.807188034057617,-4.872368335723877
181,40.0,0.919540286064148,0.7126436829566956,0.18258686363697052,0.8268028497695923,1.3125262260437012,0.24398720264434814,8.034074783325195,-5.209346771240234,0.8109084367752075,1.4689979553222656,0.3728877902030945,7.749858856201172,-4.605511665344238,0.8213504552841187,0.865134060382843,0.22115489840507507,5.848198413848877,-5.071776390075684
182,40.0,0.8045977354049683,1.0574712753295898,0.16250494122505188,0.965732216835022,0.9526076316833496,0.26867812871932983,4.646410942077637,-6.383700847625732,0.9094772338867188,1.3177597522735596,0.4929414987564087,5.232156753540039,-6.346988201141357,0.7992403507232666,0.9319196343421936,0.24327236413955688,5.66026496887207,-5.547108173370361
183,40.0,0.8045977354049683,0.5287356376647949,0.14215880632400513,0.7752705812454224,1.3446941375732422,0.2662111222743988,6.082456588745117,-4.669477939605713,0.8833699226379395,1.3833396434783936,0.446212500333786,5.462783336639404,-6.932464599609375,1.0025066137313843,1.2814475297927856,0.31170061230659485,5.886651515960693,-5.170481204986572
184,40.0,0.8275861740112305,0.7586206197738647,0.14612233638763428,0.8309276103973389,1.5651613473892212,0.30337420105934143,7.334392547607422,-3.516009569168091,1.0737707614898682,1.2854321002960205,0.376326322555542,6.621847152709961,-7.373291015625,0.8292373418807983,1.0195361375808716,0.2513066828250885,5.802438735961914,-6.161798000335693
185,40.0,0.8045977354049683,0.5747125148773193,0.16329766809940338,0.8171107769012451,0.888224720954895,0.20848846435546875,6.2727556228637695,-8.328449249267578,1.0419881343841553,1.3055787086486816,0.42034491896629333,5.437950611114502,-6.784665584564209,0.9894722700119019,1.0787371397018433,0.2851916253566742,4.759128570556641,-5.5797858238220215
186,40.0,0.8735631704330444,0.9655172228813171,0.18417228758335114,0.8822119235992432,1.7312095165252686,0.2849927544593811,8.265067100524902,-1.3458592891693115,0.8368757963180542,1.2523958683013916,0.35685187578201294,5.671767234802246,-7.899522304534912,0.9022272825241089,1.3410942554473877,0.2636808454990387,7.813050270080566,-1.5085848569869995
187,40.0,1.034482717514038,0.7126436233520508,0.1738670915365219,0.8478912115097046,1.0229451656341553,0.2630160450935364,5.94870138168335,-4.837075710296631,0.8856585025787354,2.251890182495117,0.4553762972354889,6.793731212615967,-1.555613398551941,0.8446093797683716,1.3179298639297485,0.2944706082344055,4.743496894836426,-4.26045036315918
188,40.0,0.9425287246704102,0.9885057210922241,0.16197648644447327,0.7923007011413574,0.7652736902236938,0.16353289783000946,5.671380519866943,-5.693818092346191,0.889655590057373,1.9892092943191528,0.4675551652908325,8.711429595947266,1.6198240518569946,0.894209623336792,1.414477825164795,0.30261650681495667,8.056600570678711,-3.2713265419006348
189,40.0,0.8965517282485962,1.0574712753295898,0.1968555599451065,0.798730731010437,0.9419034719467163,0.21818958222866058,3.235736608505249,-6.827555179595947,0.7730792760848999,1.7057735919952393,0.33745330572128296,6.574295997619629,-3.899019956588745,0.9154877662658691,1.395414113998413,0.2693530321121216,7.8391876220703125,-0.6663110852241516
190,50.0,1.080459713935852,1.563218593597412,0.30175715684890747,0.8994606733322144,1.1280322074890137,0.29725703597068787,10.004908561706543,1.593753695487976,0.9734982252120972,2.6490795612335205,0.6945213675498962,9.87802791595459,-0.6710233688354492,0.9289008378982544,1.2889258861541748,0.29216089844703674,9.795095443725586,-1.8609436750411987
191,50.0,0.8505747318267822,1.4482758045196533,0.24388954043388367,0.8742160797119141,1.169561505317688,0.310926228761673,6.294005393981934,-6.523486614227295,0.9357564449310303,1.2341240644454956,0.4260711669921875,4.98539924621582,-6.829018592834473,0.9183448553085327,0.9892792701721191,0.2744646668434143,7.126236438751221,-4.745185852050781
192,50.0,0.8275861740112305,0.8045976758003235,0.18496498465538025,0.9708198308944702,1.4525097608566284,0.3204103708267212,7.670230865478516,-1.966822624206543,1.0277934074401855,1.7195717096328735,0.46830618381500244,5.117453575134277,-5.294182777404785,0.9073100090026855,1.120913028717041,0.27174112200737,7.478229522705078,-0.4744613766670227
193,50.0,0.9425287246704102,1.2413792610168457,0.25842249393463135,1.053934097290039,1.1268627643585205,0.29004549980163574,5.322478771209717,-6.061309814453125,0.9053192138671875,1.7638440132141113,0.4558522403240204,3.9863545894622803,-6.400916576385498,0.8837443590164185,1.2270066738128662,0.2813602387905121,4.604751110076904,-7.231040000915527
194,50.0,0.8275861740112305,0.9885058403015137,0.21667326986789703,0.8254472017288208,1.3971937894821167,0.2973175644874573,3.2850897312164307,-7.283999443054199,0.9281411170959473,2.470529317855835,0.4096536636352539,5.508488655090332,-6.480855941772461,0.8864761590957642,1.1768739223480225,0.3198370635509491,6.111579895019531,-8.062835693359375
195,50.0,0.919540286064148,1.0114941596984863,0.22565729916095734,0.8460701704025269,1.2056200504302979,0.29573002457618713,3.391115427017212,-6.957398414611816,1.0364216566085815,2.6982998847961426,0.5093528628349304,7.323548316955566,-4.4266510009765625,0.8443043231964111,1.0487713813781738,0.28877249360084534,4.312341690063477,-8.142219543457031
196,50.0,0.8275861740112305,1.0574712753295898,0.23358434438705444,0.881176233291626,1.5955543518066406,0.2731783986091614,5.161905288696289,-5.692471981048584,0.9403924942016602,2.1158792972564697,0.39367109537124634,3.838162899017334,-7.463249683380127,0.9067682027816772,0.9307522773742676,0.2670152187347412,8.709332466125488,-2.0726118087768555
197,50.0,0.8045977354049683,1.2873563766479492,0.20980313420295715,0.9689005613327026,0.9354472160339355,0.2565581798553467,3.3918051719665527,-7.815517425537109,0.9776229858398438,1.636290192604065,0.37305179238319397,4.608656883239746,-7.568321228027344,0.9975764751434326,1.4872100353240967,0.36006221175193787,8.564003944396973,-6.229270935058594
198,50.0,0.9655172824859619,1.4022986888885498,0.28326067328453064,0.9224064350128174,1.209895372390747,0.2746029496192932,5.209815979003906,-5.014556407928467,0.947830080986023,1.9822089672088623,0.3465488851070404,4.0390729904174805,-6.023362159729004,0.9142295122146606,1.2936173677444458,0.34851694107055664,6.827718257904053,-2.8659181594848633
199,50.0,0.8965517282485962,0.8965517282485962,0.22592149674892426,0.940166711807251,1.089558720588684,0.31242603063583374,3.8012099266052246,-7.015138149261475,0.9586963653564453,1.6047439575195312,0.35294222831726074,6.9031219482421875,-3.9053728580474854,0.9903441667556763,1.045924186706543,0.27237969636917114,7.9531168937683105,-2.2955384254455566
200,10.0,0.4367816150188446,0.6206896901130676,0.11864183098077774,0.3489583134651184,0.6769273281097412,0.19929705560207367,1.6036040782928467,-13.355108261108398,0.3909212052822113,0.8564382791519165,0.25300782918930054,1.8761309385299683,-12.768513679504395,0.40345415472984314,1.1771341562271118,0.18952332437038422,1.8163543939590454,-13.04564380645752
201,10.0,0.3218390643596649,0.436781644821167,0.09565332531929016,0.32029852271080017,0.6891013979911804,0.17901182174682617,1.5716512203216553,-14.009147644042969,0.30950573086738586,0.7938053011894226,0.2455553114414215,1.8722069263458252,-13.52532958984375,0.2936389744281769,0.6291990280151367,0.1580056995153427,2.254246234893799,-13.863986015319824
202,10.0,0.2988505959510803,0.41379308700561523,0.1070154532790184,0.3459629714488983,0.44444340467453003,0.13491971790790558,1.8232191801071167,-13.471039772033691,0.3598451018333435,1.0487133264541626,0.2688086926937103,1.8765716552734375,-13.044023513793945,0.3176819682121277,0.637934684753418,0.21374782919883728,1.7952617406845093,-13.571435928344727
203,10.0,0.48275861144065857,0.6436781883239746,0.13291054964065552,0.34943297505378723,0.48678717017173767,0.15793368220329285,2.859243869781494,-12.582386016845703,0.3550948202610016,0.7424893975257874,0.20822307467460632,2.2658863067626953,-12.778593063354492,0.298633873462677,0.6862603425979614,0.21797636151313782,2.2647924423217773,-12.408628463745117
204,10.0,0.27586206793785095,0.4137931168079376,0.09750298410654068,0.3225841224193573,0.6648507118225098,0.20359231531620026,1.7828550338745117,-14.020256996154785,0.28979578614234924,0.6865792870521545,0.18809472024440765,1.417583703994751,-13.669392585754395,0.38702258467674255,0.8364238142967224,0.22184236347675323,2.081883192062378,-13.127907752990723
205,10.0,0.4597701132297516,0.3448275923728943,0.12868277728557587,0.41516363620758057,0.9123830795288086,0.19075043499469757,2.5077602863311768,-11.082223892211914,0.31907498836517334,0.5484817028045654,0.18297889828681946,2.1658899784088135,-12.202300071716309,0.3360671103000641,0.6353116631507874,0.17743349075317383,2.7528607845306396,-11.30323314666748
206,10.0,0.36781609058380127,0.4597701132297516,0.10807240009307861,0.3685554265975952,0.9455811977386475,0.20722198486328125,2.3630383014678955,-12.990436553955078,0.37648069858551025,1.011544942855835,0.21011993288993835,2.048903226852417,-12.950530052185059,0.32935830950737,0.690289318561554,0.15286870300769806,2.2327260971069336,-12.789839744567871
207,10.0,0.29885056614875793,0.4597700834274292,0.11124323308467865,0.367855429649353,0.7719941735267639,0.20565111935138702,1.5547709465026855,-13.169902801513672,0.4482821822166443,1.2263914346694946,0.29178619384765625,1.9364824295043945,-13.130431175231934,0.2958853244781494,0.6674284934997559,0.20753136277198792,1.6303770542144775,-13.804316520690918
208,10.0,0.27586206793785095,0.3678160309791565,0.10410885512828827,0.32826125621795654,0.8597825169563293,0.1682053953409195,1.475017786026001,-13.848204612731934,0.3463083803653717,0.7700849771499634,0.20105642080307007,1.9649096727371216,-13.603278160095215,0.3593161702156067,0.47521984577178955,0.13545000553131104,2.0626814365386963,-13.367647171020508
209,10.0,0.48275861144065857,0.36781615018844604,0.12683314085006714,0.3066931962966919,0.4890478849411011,0.12860889732837677,2.1895570755004883,-12.663151741027832,0.35689881443977356,0.5251237154006958,0.18421196937561035,2.6442630290985107,-12.813920974731445,0.35054391622543335,0.6646468639373779,0.18246760964393616,1.8529794216156006,-12.733927726745605
210,20.0,0.7126436233520508,0.8965516686439514,0.1469150334596634,0.5794035196304321,0.9043076634407043,0.24611984193325043,3.2673897743225098,-9.131072998046875,0.6138507127761841,0.8754562735557556,0.2810781002044678,4.567319869995117,-8.150571823120117,0.6322447061538696,0.6349148154258728,0.21117499470710754,4.632519721984863,-7.556150913238525
211,20.0,0.6206896305084229,0.5977011919021606,0.1651473194360733,0.524276852607727,1.0513490438461304,0.27392706274986267,3.704414129257202,-9.376177787780762,0.6451629400253296,1.2069578170776367,0.3057636320590973,3.3755345344543457,-8.57012939453125,0.5814923048019409,0.9751523733139038,0.24016104638576508,3.5647692680358887,-8.870641708374023
212,20.0,0.7126436233520508,0.5287357568740845,0.15404942631721497,0.6116211414337158,0.7071807384490967,0.2215147763490677,2.315758466720581,-9.283737182617188,0.7191356420516968,1.3391633033752441,0.297972172498703,3.030872106552124,-8.874895095825195,0.667910099029541,1.1346321105957031,0.28413817286491394,2.4954581260681152,-9.506783485412598
213,20.0,0.5747126340866089,0.436781644821167,0.12207689881324768,0.557205080986023,0.793761670589447,0.2302754521369934,2.811814546585083,-9.962127685546875,0.5751355886459351,1.1301902532577515,0.26941075921058655,4.513509273529053,-9.276171684265137,0.6158608794212341,1.1517802476882935,0.2379010021686554,4.691174030303955,-9.51394271850586
214,20.0,0.5977011919021606,0.390804648399353,0.1305324286222458,0.7342455387115479,0.7805899381637573,0.20923706889152527,5.173664093017578,-8.924664497375488,0.6118762493133545,0.8602654933929443,0.25874367356300354,4.069247722625732,-8.007576942443848,0.6856621503829956,1.0602059364318848,0.2779732644557953,3.3274412155151367,-7.927342414855957
215,20.0,0.919540286064148,0.5977012515068054,0.15299247205257416,0.5781044960021973,0.6710336208343506,0.2007744014263153,4.819401741027832,-8.837223052978516,0.6844465732574463,1.5465593338012695,0.3897548019886017,3.71173095703125,-8.334368705749512,0.7018496990203857,1.222928762435913,0.2803305685520172,2.9683361053466797,-8.569713592529297
216,20.0,0.5977011919021606,0.4597700834274292,0.1321178525686264,0.5268486738204956,0.9229096174240112,0.22988685965538025,1.9275950193405151,-9.604657173156738,0.6859488487243652,1.1359719038009644,0.3115869462490082,3.914092540740967,-9.10291862487793,0.5440160036087036,1.1972497701644897,0.2618088126182556,3.758852958679199,-8.684876441955566
217,20.0,0.6896551847457886,0.4597701132297516,0.1725459098815918,0.6119715571403503,1.1243600845336914,0.27815890312194824,3.6083741188049316,-9.068918228149414,0.6591092944145203,0.9675668478012085,0.3037795424461365,3.501208543777466,-8.678862571716309,0.598425030708313,1.1789488792419434,0.2836121618747711,2.8977060317993164,-9.183794975280762
218,20.0,0.7586207389831543,0.5747125744819641,0.1635618954896927,0.6211565732955933,0.5301850438117981,0.17882485687732697,2.2491044998168945,-9.497808456420898,0.6649794578552246,1.0943028926849365,0.2780921757221222,4.363429546356201,-7.605828285217285,0.6238619685173035,0.5639117956161499,0.21082788705825806,4.823342323303223,-7.944784641265869
219,20.0,0.5517240762710571,0.6896551847457886,0.14163033664226532,0.6566689014434814,0.6786009073257446,0.18301156163215637,4.222784042358398,-9.289446830749512,0.6586066484451294,1.0181849002838135,0.2987971305847168,4.483570098876953,-9.418906211853027,0.5872302055358887,1.0729162693023682,0.27070996165275574,2.8401169776916504,-9.78890609741211
220,30.0,0.7126436233520508,0.6896551847457886,0.13845950365066528,0.923966646194458,1.1391031742095947,0.24161143600940704,6.490909576416016,-3.407768487930298,0.8499255180358887,2.1517629623413086,0.4440992474555969,5.616484642028809,-5.393735408782959,0.8428738117218018,1.134401559829712,0.327807754278183,5.421562194824219,-7.4069061279296875
221,30.0,0.8045977354049683,0.5057471990585327,0.15061435103416443,0.7350492477416992,0.6266578435897827,0.19081075489521027,5.700821399688721,-7.342977046966553,0.852492094039917,1.0063427686691284,0.2732192575931549,2.3027427196502686,-8.698125839233398,0.9181342124938965,0.8016380667686462,0.23783715069293976,5.163072109222412,-4.916413307189941
222,30.0,0.7586207389831543,0.6436781883239746,0.1474435180425644,0.7684731483459473,1.3466777801513672,0.25982263684272766,6.5259575843811035,-5.3923258781433105,0.7751905918121338,1.3187609910964966,0.32071980834007263,3.271653175354004,-6.899127960205078,0.8292825222015381,1.308983325958252,0.34236836433410645,5.69440221786499,-6.3815016746521
223,30.0,0.9885057210922241,0.6206896901130676,0.18390806019306183,0.8104628324508667,0.8239004611968994,0.20632609724998474,7.304415225982666,-7.168354034423828,0.9154425859451294,1.565346121788025,0.37310001254081726,6.776458263397217,-4.479752063751221,0.6617371439933777,0.826954185962677,0.2291327267885208,5.150580883026123,-7.726694107055664
224,30.0,0.7356321811676025,0.8275861740112305,0.1572202444076538,0.796150803565979,0.8199002742767334,0.23748081922531128,5.739248275756836,-7.369437217712402,0.7560786008834839,1.4683845043182373,0.4084792733192444,4.589204788208008,-7.770316123962402,0.7979549169540405,1.2216765880584717,0.2455802708864212,4.664654731750488,-7.676274299621582
225,30.0,0.7356321811676025,0.5057470798492432,0.14427268505096436,0.7392915487289429,1.1315646171569824,0.2565109133720398,3.4080238342285156,-8.400437355041504,0.944940447807312,1.1541380882263184,0.34660905599594116,6.630223274230957,-5.118912220001221,0.8938738107681274,1.1746679544448853,0.3130441904067993,4.381449222564697,-7.759349346160889
226,30.0,0.8045977354049683,0.5517240762710571,0.1408376395702362,0.8997694253921509,0.8072946071624756,0.20357798039913177,5.005448818206787,-6.0294318199157715,0.7509609460830688,0.8537320494651794,0.35898974537849426,5.393177509307861,-3.9768104553222656,0.8544809818267822,1.1494824886322021,0.2433476746082306,6.342745304107666,-7.421814441680908
227,30.0,1.080459713935852,0.5057471990585327,0.15378516912460327,0.7442623376846313,1.1026394367218018,0.23810702562332153,7.405677318572998,-2.5773632526397705,0.9735939502716064,1.2141128778457642,0.39506715536117554,5.793961524963379,-5.498483180999756,0.8385428190231323,1.4605787992477417,0.35235098004341125,6.177958965301514,-6.901081562042236
228,30.0,0.8735631704330444,0.8965517282485962,0.15008588135242462,0.9102412462234497,0.848874568939209,0.21612724661827087,4.97683048248291,-7.629411697387695,1.0595922470092773,1.4165678024291992,0.34600821137428284,4.152291774749756,-7.78401517868042,0.9138119220733643,1.279920220375061,0.2421083301305771,5.495392799377441,-7.371553897857666
229,30.0,0.8505747318267822,0.5287356972694397,0.13819526135921478,1.0491629838943481,0.8707311153411865,0.2585868835449219,7.87520170211792,-2.998941659927368,0.7720831632614136,1.076060175895691,0.37114304304122925,7.932164669036865,-2.7469546794891357,0.7192378044128418,0.8184457421302795,0.24676629900932312,4.80079984664917,-7.482350826263428
230,40.0,0.8045977354049683,1.126436710357666,0.17862333357334137,0.8176717758178711,0.7719182968139648,0.2082056999206543,8.536595344543457,-2.851351499557495,1.0741699934005737,2.4971423149108887,0.5274604558944702,6.5514235496521,-6.112069606781006,0.8335186243057251,0.969237744808197,0.1989392638206482,8.785447120666504,-1.1933043003082275
231,40.0,0.919540286064148,0.7126436829566956,0.18258686363697052,0.9501196146011353,1.1739060878753662,0.27575522661209106,9.408149719238281,-3.7394309043884277,0.8517271280288696,2.155996561050415,0.4844891428947449,6.974405765533447,0.17563122510910034,0.8634626865386963,1.3003194332122803,0.2772793471813202,8.434062004089355,-5.515721321105957
232,40.0,0.8045977354049683,1.0574712753295898,0.16250494122505188,0.8063235282897949,1.3661290407180786,0.2407047599554062,6.030130863189697,-6.502074718475342,0.9074313640594482,1.73800790309906,0.48498693108558655,6.8085856437683105,-1.742273211479187,0.8784997463226318,0.926020622253418,0.22201892733573914,2.7556545734405518,-7.799274921417236
233,40.0,0.8045977354049683,0.5287356376647949,0.14215880632400513,0.971521258354187,0.9508278369903564,0.22666046023368835,7.0030317306518555,-5.860096454620361,0.881510853767395,1.8783855438232422,0.4304511845111847,8.524502754211426,-5.275747299194336,0.935634970664978,1.0867109298706055,0.23485271632671356,2.574777603149414,-8.061877250671387
234,40.0,0.8275861740112305,0.7586206197738647,0.14612233638763428,0.9497865438461304,1.096843957901001,0.2575303018093109,6.239680290222168,-0.2244640588760376,0.8450230360031128,1.7295414209365845,0.35509228706359863,6.505772590637207,-4.69788122177124,0.7532446384429932,1.4681024551391602,0.2669651508331299,6.721573352813721,-6.502026557922363
235,40.0,0.8045977354049683,0.5747125148773193,0.16329766809940338,0.8077079057693481,0.7845482230186462,0.24554429948329926,5.881492614746094,-6.9846038818359375,0.9420135021209717,0.8678614497184753,0.3161381781101227,5.6676716804504395,-6.053632736206055,0.773058295249939,1.4922914505004883,0.27607035636901855,7.274450778961182,-7.615056037902832
236,40.0,0.8735631704330444,0.9655172228813171,0.18417228758335114,0.8725693225860596,0.9083347916603088,0.20647816359996796,5.514183521270752,-7.820792198181152,0.9270339012145996,1.7925546169281006,0.40766432881355286,8.170614242553711,-8.068804740905762,0.7667092084884644,1.166210412979126,0.23486755788326263,7.797924995422363,-0.7347549796104431
237,40.0,1.034482717514038,0.7126436233520508,0.1738670915365219,0.8332904577255249,1.2889516353607178,0.23802073299884796,5.5643181800842285,-6.159289836883545,0.7591084241867065,1.8578479290008545,0.3944496810436249,6.189995288848877,-4.980581283569336,1.040291428565979,0.94936203956604,0.2555825114250183,7.025846004486084,0.4487796127796173
238,40.0,0.9425287246704102,0.9885057210922241,0.16197648644447327,0.9092093706130981,1.6086539030075073,0.2613755464553833,9.096046447753906,-7.647367000579834,0.9839574098587036,1.8106799125671387,0.34809020161628723,6.950588703155518,-7.132019519805908,0.9739484786987305,1.1001533269882202,0.32452192902565,6.7588629722595215,-5.883273124694824
239,40.0,0.8965517282485962,1.0574712753295898,0.1968555599451065,0.9140027761459351,1.1852359771728516,0.27677473425865173,6.785750389099121,-4.0175886154174805,0.9521356821060181,1.5695233345031738,0.3381084203720093,7.388097763061523,-3.9029746055603027,0.8260231018066406,1.099327564239502,0.30249905586242676,7.329723358154297,-2.939931869506836
240,50.0,1.080459713935852,1.563218593597412,0.30175715684890747,0.8994259834289551,0.9020698070526123,0.28472426533699036,11.003098487854004,0.9203406572341919,1.0015841722488403,1.8171136379241943,0.46843191981315613,11.220166206359863,3.6189515590667725,0.9805448055267334,1.0899261236190796,0.27869224548339844,10.928366661071777,2.3918182849884033
241,50.0,0.8505747318267822,1.4482758045196533,0.24388954043388367,1.0227770805358887,1.0012115240097046,0.2849067449569702,4.26144552230835,-6.863028049468994,1.0082648992538452,1.421262502670288,0.42726510763168335,6.667628288269043,-3.619448184967041,0.9150880575180054,0.8168781995773315,0.23030294477939606,4.268128395080566,-8.108176231384277
242,50.0,0.8275861740112305,0.8045976758003235,0.18496498465538025,0.9230759143829346,1.0579267740249634,0.255784273147583,9.780174255371094,-3.3860433101654053,0.9316955804824829,1.7083784341812134,0.34134918451309204,2.956468343734741,-7.13756799697876,0.8282579183578491,0.9993705153465271,0.22015775740146637,6.724614143371582,-2.504134178161621
243,50.0,0.9425287246704102,1.2413792610168457,0.25842249393463135,0.8416249752044678,0.9884979128837585,0.245863139629364,5.56291389465332,-7.204446315765381,0.952934741973877,2.2252936363220215,0.3832414448261261,3.4996581077575684,-6.115764617919922,0.9506354331970215,1.4247486591339111,0.3145032823085785,6.665616989135742,-1.788910150527954
244,50.0,0.8275861740112305,0.9885058403015137,0.21667326986789703,0.8448082208633423,2.012664794921875,0.28366386890411377,4.360692977905273,-4.771522521972656,0.9762537479400635,1.9816739559173584,0.46357476711273193,7.699230670928955,-6.336302280426025,1.0258785486221313,1.1021244525909424,0.2564151883125305,5.2425031661987305,-7.7112507820129395
245,50.0,0.919540286064148,1.0114941596984863,0.22565729916095734,0.8977339267730713,0.9871081113815308,0.2725692391395569,6.202725887298584,-6.782898902893066,1.0122439861297607,1.7329988479614258,0.47762244939804077,5.903127670288086,-7.172304153442383,0.9096354246139526,1.317075252532959,0.29029011726379395,6.265999794006348,-7.88364839553833
246,50.0,0.8275861740112305,1.0574712753295898,0.23358434438705444,1.0551313161849976,1.1185662746429443,0.2497359812259674,4.259105205535889,-7.346312522888184,0.988566517829895,1.6134542226791382,0.4231746196746826,6.0537896156311035,-5.451975345611572,0.9507101774215698,1.5554571151733398,0.31915053725242615,7.698395729064941,-7.092656135559082
247,50.0,0.8045977354049683,1.2873563766479492,0.20980313420295715,1.0365955829620361,1.3769710063934326,0.2951425015926361,3.5279836654663086,-7.9126176834106445,0.9666730165481567,1.9418374300003052,0.3443700969219208,4.20917272567749,-7.444220066070557,0.9937376976013184,1.9891208410263062,0.3354685604572296,5.580192565917969,-6.788626194000244
248,50.0,0.9655172824859619,1.4022986888885498,0.28326067328453064,0.9791066646575928,0.9316198825836182,0.3084357976913452,4.565206050872803,-3.4907822608947754,0.9291867017745972,1.2730963230133057,0.3897773325443268,3.207941770553589,-6.867696762084961,0.873285174369812,1.36969792842865,0.30212488770484924,6.142839431762695,-4.861639022827148
249,50.0,0.8965517282485962,0.8965517282485962,0.22592149674892426,0.8500845432281494,1.0227943658828735,0.21358230710029602,6.814757823944092,-7.42440938949585,0.9050960540771484,1.4997694492340088,0.3929117023944855,3.9574544429779053,-7.238558292388916,0.8987687826156616,1.3485736846923828,0.27386829257011414,3.409341812133789,-8.22842788696289
